N <- 5
x <- 
structure(c(1.14681416423991, 0.784203329589218, 1.0953380772844, 0.177654787898064, 0.820186206605285),
.Dim = c(5))
y <- 
structure(c(1.79756506072196, 0.446280426182381, 1.07685173569326, 2.19356962993068, 0.272606082141346),
.Dim = c(5))
